0.353357
0.222626
0.130447
0.076037
0.055636
0.063167
0.090952
0.130689
0.174627
0.216619
0.252737
0.281308
0.302459
0.317422
0.327855
0.33536
0.341223
0.346353
0.351336
0.356519
0.362104
0.368205
0.374896
0.382224
0.39023
0.398942
0.408385
0.418577
0.429526
0.441235
0.453696
0.466889
0.480786
0.495345
0.51051
0.526217
0.542385
0.558922
0.575723
0.592674
0.609647
0.626509
0.643116
0.65932
0.67497
0.689914
0.703999
0.717078
0.72901
0.73966
0.748909
0.756646
0.76278
0.767235
0.769955
0.770901
0.77006
0.767434
0.763051
0.756958
0.74922
0.739923
0.729168
0.717073
0.703767
0.68939
0.674092
0.658025
0.641347
0.624215
0.606784
0.589206
0.571624
0.554177
0.53699
0.520179
0.503847
0.488087
0.472974
0.458573
0.444935
0.432099
0.42009
0.408923
0.398601
0.389118
0.380459
0.372604
0.365522
0.359182
0.353544
0.34857
0.344215
0.340436
0.337189
0.334429
0.332114
0.330202
0.328653
0.327428
0.326493
0.325813
0.32536
0.325104
0.32502
0.325086
0.32528
0.325584
0.325982
0.32646
0.327006
0.327608
0.328257
0.328945
0.329665
0.330412
0.331181
0.331967
0.332766
0.333615
0.334472
0.335327
0.336181
0.337034
0.337885
0.338735
0.339584
0.340431
0.341277
0.342122
0.342966
0.343808
0.344649
0.345488
0.346326
0.347163
0.347998
0.348832
0.349665
0.350496
0.351326
0.352154
0.352981
0.353806
0.35463
0.355453
0.356274
0.357094
0.357912
0.358728
0.359544
0.360358
0.36117
0.361981
0.362792
0.363601
0.36441
0.365219
0.366028
0.36684
0.367655
0.368477
0.369308
0.370152
0.371017
0.37191
0.372844
0.373831
0.374892
0.376051
0.377338
0.37879
0.380452
0.38238
0.384638
0.387298
0.390444
0.394168
0.398569
0.40375
0.409816
0.416866
0.424994
0.434276
0.444766
0.456492
0.469442
0.483563
0.498756
0.514869
0.531696
0.548984
0.566428
0.583687
0.600388
0.616143
0.63056
0.643262
0.653902
0.662179
0.667855
0.670762
0.670815
0.668012
0.662439
0.654262
0.643723
0.631124
0.616816
0.601181
0.584619
0.567525
0.550282
0.533241
0.516713
0.500961
0.486189
0.472539
0.46008
0.448784
0.438501
0.428909
0.419461
0.409347
0.39751
0.382773
0.364118
0.341107
0.314378
0.286049
0.259885
0.241102
0.235865
0.250617
0.291407
0.363243
0.469278
0.6096
0.779627
0.968585
1.159027
1.328345
1.452615
1.511979
1.496257
1.40709
1.25732
1.067701
0.861798
0.661193
0.482418
0.335988
0.226972
0.15615
0.121047
0.116654
0.136056
0.171249
0.214209
0.258009
0.297657
0.33041
0.355553
0.373815
0.386675
0.395784
0.402594
0.408207
0.413371
0.418551
0.42402
0.429936
0.436391
0.443447
0.451146
0.459524
0.468607
0.478417
0.488969
0.50027
0.512318
0.525102
0.5386
0.552781
0.567599
0.582999
0.59891
0.615252
0.631931
0.648842
0.665869
0.682885
0.699757
0.716343
0.732497
0.748069
0.76291
0.776871
0.789809
0.801584
0.812068
0.821144
0.828705
0.834665
0.838949
0.841504
0.842297
0.841313
0.838559
0.834061
0.827868
0.820044
0.810675
0.79986
0.787716
0.774369
0.759958
0.744628
0.728531
0.711821
0.694652
0.677177
0.659544
0.641898
0.624371
0.607089
0.590168
0.573709
0.557804
0.54253
0.527951
0.51412
0.501075
0.488844
0.477442
0.466875
0.457138
0.448219
0.440097
0.432745
0.426132
0.420221
0.414973
0.410346
0.406298
0.402784
0.399763
0.39719
0.395024
0.393226
0.391758
0.390584
0.38967
0.388987
0.388505
0.388198
0.388044
0.388022
0.388111
0.388297
0.388563
0.388898
0.389289
0.389728
0.390205
0.390713
0.391247
0.391802
0.392372
0.392954
0.393552
0.394191
0.394826
0.395456
0.396082
0.396703
0.39732
0.397932
0.39854
0.399143
0.399742
0.400336
0.400926
0.401512
0.402093
0.40267
0.403242
0.40381
0.404374
0.404933
0.405487
0.406038
0.406584
0.407125
0.407662
0.408195
0.408724
0.409248
0.409768
0.410283
0.410794
0.411301
0.411804
0.412302
0.412797
0.413287
0.413774
0.414257
0.414736
0.415214
0.415689
0.416164
0.41664
0.41712
0.417607
0.418106
0.418623
0.419167
0.419749
0.420384
0.421091
0.421894
0.422823
0.423915
0.425216
0.42678
0.428669
0.430957
0.433724
0.437062
0.441066
0.44584
0.451485
0.4581
0.465777
0.474591
0.484599
0.495827
0.508268
0.521875
0.536553
0.552158
0.568495
0.58532
0.60234
0.619224
0.63561
0.651118
0.665361
0.677967
0.688588
0.696919
0.702712
0.705787
0.706043
0.703459
0.698099
0.69011
0.679709
0.66718
0.652856
0.637106
0.620318
0.602886
0.58519
0.567586
0.550393
0.533886
0.518286
0.503756
0.490389
0.478197
0.467082
0.456799
0.446905
0.436708
0.425264
0.411441
0.394129
0.372586
0.346909
0.318475
0.290233
0.266678
0.253493
0.256959
0.283292
0.338019
0.425301
0.546989
0.701252
0.88097
1.072591
1.256429
1.409129
1.508177
1.537252
1.492545
1.38056
1.21608
1.019538
0.81258
0.614275
0.438899
0.295404
0.18803
0.117304
0.080906
0.074274
0.091134
0.124168
0.165911
0.209713
0.250515
0.285231
0.312671
0.333117
0.347737
0.358043
0.36549
0.371266
0.376236
0.380974
0.385832
0.391021
0.396665
0.40284
0.409597
0.416975
0.425004
0.43371
0.443111
0.453221
0.464047
0.475588
0.487835
0.500769
0.514363
0.528578
0.543366
0.558667
0.574409
0.590511
0.606881
0.623418
0.640008
0.656534
0.672868
0.68888
0.704432
0.719389
0.733611
0.746963
0.759313
0.770535
0.780511
0.789132
0.796303
0.801941
0.805978
0.808363
0.809061
0.808055
0.805348
0.800958
0.794922
0.787297
0.778152
0.767574
0.755662
0.742529
0.728295
0.713093
0.697057
0.680328
0.663049
0.645362
0.627406
0.609319
0.591231
0.573265
0.555537
0.538152
0.521207
0.504785
0.488959
0.473792
0.459333
0.445622
0.432687
0.420546
0.409207
0.39867
0.388926
0.379961
0.371752
0.364272
0.357491
0.351375
0.345885
0.340984
0.336632
0.332788
0.329413
0.326467
0.323913
0.321713
0.319832
0.318238
0.316899
0.315787
0.314875
0.314139
0.313557
0.313108
0.312774
0.31254
0.312391
0.312314
0.312299
0.312335
0.312413
0.312528
0.312672
0.31284
0.313027
0.31323
0.313445
0.313678
0.313951
0.314221
0.314488
0.314751
0.315012
0.315269
0.315524
0.315775
0.316023
0.316269
0.316511
0.316751
0.316987
0.317221
0.317452
0.31768
0.317905
0.318127
0.318347
0.318564
0.318778
0.318989
0.319198
0.319404
0.319608
0.319809
0.320007
0.320203
0.320397
0.320587
0.320776
0.320962
0.321146
0.321327
0.321506
0.321683
0.321858
0.322032
0.322204
0.322375
0.322546
0.322717
0.32289
0.323067
0.323251
0.323444
0.323651
0.323879
0.324135
0.324431
0.32478
0.325199
0.325712
0.326344
0.327129
0.328108
0.329329
0.330847
0.332728
0.335043
0.337872
0.341304
0.345429
0.350343
0.356138
0.362902
0.370716
0.379643
0.389727
0.400984
0.4134
0.426922
0.441458
0.456868
0.472971
0.48954
0.506305
0.522964
0.539185
0.55462
0.568913
0.581717
0.592706
0.601584
0.608106
0.612082
0.613387
0.611969
0.607849
0.601122
0.591951
0.580562
0.567233
0.552283
0.536059
0.51892
0.501227
0.483328
0.465549
0.448181
0.431476
0.415639
0.400823
0.387121
0.374557
0.363061
0.352444
0.342349
0.332215
0.321252
0.308466
0.292794
0.273342
0.249746
0.222576
0.193673
0.166297
0.144998
0.135233
0.142829
0.173427
0.231954
0.322033
0.445145
0.599428
0.778312
0.969539
1.155347
1.314408
1.425501
1.472062
1.445943
1.349814
1.196485
1.00556
0.798986
0.596909
0.41499
0.263489
0.147681
0.068849
0.025218
0.012623
0.025042
0.055238
0.095627
0.139267
0.180704
0.216449
0.244977
0.266354
0.281648
0.292359
0.299983
0.305771
0.310643
0.315217
0.319877
0.324852
0.330275
0.336227
0.342763
0.349923
0.357738
0.366234
0.375432
0.385345
0.395982
0.407341
0.419415
0.432185
0.445625
0.459697
0.474351
0.489529
0.505159
0.521159
0.537437
0.553891
0.570407
0.586867
0.603142
0.6191
0.634603
0.649513
0.663691
0.677
0.689305
0.70048
0.710406
0.718974
0.726087
0.731661
0.73563
0.737941
0.738559
0.73747
0.734675
0.730195
0.724069
0.716353
0.707119
0.696456
0.684465
0.67126
0.656965
0.641711
0.625637
0.608886
0.591599
0.573922
0.555995
0.537955
0.519934
0.502054
0.484432
0.467172
0.45037
0.434108
0.41846
0.403485
0.389233
0.375741
0.363036
0.351134
0.340042
0.329759
0.320274
0.31157
0.303625
0.29641
0.289894
0.284041
0.278813
0.274171
0.270075
0.266484
0.263358
0.260658
0.258344
0.256382
0.254735
0.253371
0.25226
0.251372
0.250682
0.250166
0.249802
0.249569
0.249452
0.249433
0.249499
0.249638
0.249838
0.25009
0.250387
0.250721
0.251086
0.251477
0.251889
0.252319
0.252764
0.253259
0.253764
0.254268
0.254773
0.255278
0.255783
0.256288
0.256794
0.257299
0.257805
0.258311
0.258818
0.259324
0.259831
0.260338
0.260845
0.261353
0.261861
0.26237
0.262878
0.263387
0.263896
0.264406
0.264916
0.265426
0.265937
0.266448
0.26696
0.267472
0.267984
0.268497
0.26901
0.269524
0.270039
0.270554
0.271069
0.271585
0.272103
0.272621
0.273141
0.273664
0.274189
0.274718
0.275253
0.275795
0.276349
0.276917
0.277506
0.278122
0.278775
0.279479
0.280248
0.281104
0.282071
0.283181
0.284472
0.285989
0.287785
0.289922
0.292471
0.29551
0.299124
0.303404
0.308446
0.314344
0.32119
0.329068
0.338047
0.348179
0.35949
0.371976
0.385597
0.400271
0.415873
0.432232
0.449132
0.466312
0.483477
0.500298
0.516427
0.531507
0.545182
0.557117
0.567005
0.574584
0.579647
0.582052
0.581728
0.578681
0.572988
0.564799
0.554331
0.541853
0.527679
0.512155
0.495642
0.478506
0.4611
0.443759
0.426783
0.410435
0.394928
0.380428
0.367038
0.354794
0.343642
0.33341
0.323765
0.314171
0.303859
0.29185
0.277068
0.258572
0.235917
0.209556
0.181204
0.154013
0.132466
0.12201
0.128517
0.157715
0.214652
0.303102
0.42473
0.577904
0.756289
0.947817
1.134788
1.295765
1.409246
1.458291
1.432529
1.334018
1.177074
0.983392
0.776774
0.578411
0.404082
0.263462
0.160868
0.096454
0.067215
0.067683
0.090585
0.127736
0.171161
0.214206
0.252299
0.283149
0.306416
0.32307
0.334692
0.342928
0.349166
0.354426
0.359383
0.364448
0.36986
0.375756
0.382218
0.389301
0.397047
0.405487
0.414648
0.42455
0.435205
0.446617
0.458783
0.471686
0.485303
0.499596
0.514515
0.53
0.545977
0.562357
0.579043
0.595923
0.612877
0.629773
0.646473
0.662831
0.678699
0.693925
0.708357
0.721847
0.734251
0.745434
0.755269
0.763643
0.770457
0.775628
0.779091
0.780802
0.780735
0.778885
0.77527
0.769925
0.76291
0.754299
0.744186
0.732681
0.719907
0.705998
0.691099
0.675359
0.658935
0.641982
0.624655
0.607108
0.589486
0.571931
0.554574
0.537534
0.52092
0.504831
0.489349
0.474546
0.460478
0.44719
0.434715
0.423073
0.412273
0.402313
0.393185
0.384869
0.377342
0.370572
0.364525
0.359162
0.35444
0.350318
0.346751
0.343696
0.341108
0.338946
0.337169
0.335737
0.334615
0.333767
0.333163
0.332771
0.332567
0.332525
0.332623
0.332842
0.333165
0.333576
0.334062
0.33461
0.335212
0.335857
0.336539
0.33725
0.337987
0.338743
0.339515
0.340309
0.341147
0.341985
0.342821
0.343656
0.344489
0.345321
0.346152
0.346982
0.347811
0.348638
0.349464
0.350288
0.351111
0.351933
0.352753
0.353573
0.35439
0.355207
0.356022
0.356835
0.357647
0.358458
0.359268
0.360075
0.360882
0.361687
0.362491
0.363293
0.364093
0.364893
0.36569
0.366487
0.367282
0.368075
0.368868
0.369659
0.37045
0.37124
0.37203
0.372822
0.373615
0.374413
0.375217
0.376032
0.376861
0.377712
0.378593
0.379516
0.380497
0.381554
0.382714
0.384007
0.385471
0.387154
0.389111
0.391407
0.394116
0.397323
0.40112
0.405606
0.410884
0.417057
0.424225
0.432478
0.441889
0.452509
0.464361
0.477429
0.491656
0.506937
0.523114
0.539981
0.557277
0.574698
0.5919
0.608512
0.624147
0.638416
0.650946
0.661397
0.669473
0.674942
0.677643
0.677496
0.674507
0.668763
0.660436
0.649768
0.637063
0.62267
0.60697
0.590361
0.573236
0.555972
0.53892
0.522385
0.506628
0.491852
0.478196
0.465726
0.454416
0.444115
0.434502
0.425037
0.414914
0.403085
0.388382
0.369787
0.346851
0.320178
0.291831
0.265505
0.246342
0.240444
0.254213
0.293687
0.363905
0.46811
0.606587
0.775084
0.963291
1.154263
1.325784
1.454012
1.518742
1.509012
1.425481
1.280089
1.092993
0.887586
0.685663
0.504201
0.354224
0.241259
0.166464
0.12768
0.120171
0.137236
0.17099
0.213398
0.25739
0.297738
0.331437
0.357543
0.376633
0.390116
0.399635
0.406676
0.412388
0.417562
0.422697
0.428087
0.433903
0.440246
0.447178
0.454746
0.462984
0.471922
0.481582
0.491978
0.503121
0.515009
0.527634
0.540977
0.555006
0.56968
0.584946
0.600737
0.616974
0.633568
0.650415
0.667403
0.684409
0.701299
0.717937
0.734175
0.749869
0.764866
0.779021
0.792188
0.804228
0.815011
0.824417
0.832337
0.83868
0.84337
0.846348
0.847575
0.847033
0.844721
0.840662
0.834898
0.827488
0.818513
0.808067
0.796261
0.783219
0.769076
0.753974
0.738062
0.721494
0.704422
0.687
0.669376
0.651695
0.634093
0.616698
0.599626
0.582985
0.566868
0.551357
0.53652
0.522412
0.509077
0.496545
0.484837
0.47396
0.463914
0.454689
0.446266
0.438621
0.431725
0.425543
0.420036
0.415164
0.410886
0.407156
0.403933
0.401174
0.398836
0.39688
0.395267
0.393961
0.392927
0.392135
0.391555
0.39116
0.390925
0.39083
0.390855
0.390982
0.391195
0.391481
0.391829
0.392228
0.392668
0.393143
0.393646
0.394171
0.394714
0.39527
0.395836
0.396448
0.397063
0.397674
0.398281
0.398883
0.399481
0.400075
0.400663
0.401248
0.401828
0.402404
0.402975
0.403542
0.404104
0.404662
0.405215
0.405765
0.406309
0.40685
0.407386
0.407917
0.408445
0.408968
0.409486
0.41
0.41051
0.411016
0.411517
0.412014
0.412507
0.412995
0.413479
0.413959
0.414435
0.414906
0.415374
0.415838
0.416299
0.416757
0.417212
0.417667
0.418121
0.418578
0.41904
0.419511
0.419996
0.420502
0.42104
0.421621
0.422262
0.422983
0.423812
0.424781
0.42593
0.427306
0.428968
0.430982
0.433423
0.436376
0.439933
0.444193
0.449259
0.45523
0.462203
0.470264
0.479483
0.489904
0.501544
0.514382
0.528354
0.543349
0.559209
0.57572
0.592624
0.609615
0.626354
0.642472
0.657589
0.671322
0.683308
0.693212
0.700748
0.70569
0.707883
0.707248
0.703793
0.697607
0.688855
0.677777
0.664668
0.649874
0.633767
0.616738
0.599174
0.581448
0.563905
0.546852
0.530548
0.515198
0.500945
0.487865
0.475943
0.465049
0.454894
0.444981
0.434559
0.422631
0.408055
0.389776
0.367209
0.340707
0.311983
0.28433
0.26252
0.252391
0.260229
0.292118
0.353328
0.447607
0.57617
0.73626
0.919581
1.111376
1.291101
1.435299
1.522339
1.537666
1.479503
1.356242
1.184046
0.983901
0.777209
0.582245
0.412276
0.275302
0.17479
0.110679
0.080193
0.078413
0.098815
0.133986
0.176545
0.220091
0.259917
0.293305
0.319377
0.338623
0.35231
0.361963
0.368999
0.374547
0.379414
0.384126
0.389006
0.394245
0.399955
0.406206
0.413048
0.420516
0.42864
0.437444
0.446947
0.457161
0.46809
0.479734
0.49208
0.50511
0.518794
0.53309
0.54795
0.56331
0.579098
0.595231
0.611615
0.628145
0.64471
0.661188
0.677452
0.69337
0.708805
0.72362
0.737677
0.750841
0.762982
0.773973
0.783699
0.792053
0.798943
0.804287
0.808021
0.810095
0.810479
0.80916
0.80614
0.801445
0.795112
0.787201
0.777785
0.766952
0.754804
0.741455
0.727028
0.711654
0.695472
0.67862
0.661243
0.643481
0.625474
0.607358
0.589263
0.57131
0.553613
0.536276
0.519393
0.503046
0.487307
0.472236
0.45788
0.444277
0.431453
0.419426
0.408201
0.397776
0.388144
0.379286
0.37118
0.363799
0.357112
0.351083
0.345674
0.340848
0.336564
0.332783
0.329463
0.326567
0.324055
0.321893
0.320044
0.318477
0.317161
0.316068
0.31517
0.314445
0.31387
0.313425
0.313094
0.31286
0.312708
0.312628
0.312607
0.312636
0.312707
0.312812
0.312947
0.313105
0.313281
0.313473
0.313677
0.31393
0.31419
0.314446
0.3147
0.31495
0.315198
0.315442
0.315684
0.315923
0.316159
0.316392
0.316622
0.316849
0.317074
0.317296
0.317515
0.317731
0.317945
0.318156
0.318365
0.31857
0.318774
0.318974
0.319172
0.319368
0.319561
0.319752
0.31994
0.320126
0.320309
0.32049
0.320669
0.320846
0.32102
0.321192
0.321362
0.32153
0.321696
0.321861
0.322025
0.322187
0.32235
0.322514
0.32268
0.32285
0.323027
0.323214
0.323416
0.32364
0.323894
0.32419
0.32454
0.324965
0.325485
0.32613
0.326934
0.327937
0.32919
0.330748
0.332678
0.335054
0.337955
0.341472
0.345694
0.350718
0.356635
0.363534
0.371491
0.380569
0.390807
0.402218
0.414783
0.428445
0.443103
0.458614
0.47479
0.491397
0.508162
0.524778
0.540911
0.55621
0.570322
0.5829
0.593622
0.602199
0.608392
0.612019
0.612965
0.611187
0.606716
0.599657
0.59018
0.57852
0.56496
0.549823
0.533458
0.516226
0.498485
0.480583
0.462839
0.445541
0.428935
0.41322
0.39854
0.384983
0.372559
0.361187
0.350658
0.340594
0.330404
0.319269
0.306181
0.290079
0.270116
0.246022
0.218509
0.18959
0.162695
0.14251
0.134564
0.144687
0.178459
0.240679
0.334759
0.461843
0.619568
0.800717
0.992331
1.176084
1.330452
1.434538
1.472642
1.437149
1.331897
1.171286
0.976147
0.768986
0.569813
0.393648
0.249886
0.142931
0.073273
0.038409
0.03349
0.051899
0.085988
0.128061
0.171399
0.21105
0.244161
0.269826
0.288576
0.301747
0.310924
0.317555
0.32278
0.327398
0.331923
0.336664
0.341801
0.347439
0.353647
0.360471
0.367947
0.376104
0.384965
0.394547
0.404861
0.41591
0.427689
0.440182
0.453366
0.467204
0.48165
0.496647
0.512124
0.528
0.544184
0.560571
0.577049
0.593495
0.609781
0.62577
0.641322
0.656294
0.670543
0.683928
0.69631
0.707559
0.717551
0.726173
0.733325
0.73892
0.742888
0.745176
0.745748
0.744588
0.741699
0.737102
0.73084
0.722969
0.713568
0.702726
0.690551
0.677161
0.662683
0.647256
0.631021
0.614126
0.596717
0.578943
0.560947
0.54287
0.524843
0.506993
0.489435
0.472273
0.455603
0.439506
0.424053
0.409301
0.395297
0.382075
0.369658
0.358059
0.347281
0.33732
0.32816
0.319782
0.31216
0.305263
0.299056
0.293502
0.288559
0.284189
0.280348
0.276996
0.274091
0.271594
0.269466
0.267671
0.266175
0.264944
0.26395
0.263164
0.262561
0.262118
0.261814
0.261631
0.261552
0.261562
0.261648
0.261799
0.262005
0.262257
0.262548
0.262872
0.263222
0.263595
0.263986
0.264393
0.264851
0.265319
0.265787
0.266256
0.266724
0.267194
0.267663
0.268133
0.268603
0.269074
0.269545
0.270017
0.270488
0.270961
0.271434
0.271907
0.272381
0.272855
0.27333
0.273805
0.274281
0.274757
0.275234
0.275711
0.276189
0.276667
0.277146
0.277626
0.278106
0.278586
0.279068
0.27955
0.280032
0.280516
0.281
0.281485
0.281971
0.282458
0.282946
0.283437
0.283931
0.284428
0.28493
0.285438
0.285957
0.286489
0.287039
0.287614
0.288223
0.288877
0.289592
0.290387
0.291286
0.29232
0.293524
0.294943
0.29663
0.298646
0.301061
0.303954
0.30741
0.311523
0.31639
0.322108
0.328773
0.336472
0.34528
0.355253
0.366421
0.378782
0.3923
0.406893
0.422436
0.438755
0.455629
0.472792
0.489938
0.50673
0.522811
0.537811
0.551367
0.563135
0.572802
0.580105
0.584836
0.586859
0.586111
0.582608
0.576444
0.567785
0.556864
0.54397
0.529434
0.513616
0.496889
0.479628
0.462192
0.444916
0.428096
0.411989
0.396797
0.38267
0.36969
0.357863
0.347088
0.337129
0.327561
0.317731
0.306743
0.293524
0.276996
0.256392
0.231665
0.203917
0.17569
0.151002
0.135078
0.13384
0.153308
0.199017
0.275432
0.385193
0.527988
0.699112
0.888152
1.078619
1.249313
1.377689
1.444592
1.438906
1.358063
1.212988
1.025048
0.819131
0.618208
0.439819
0.294964
0.188758
0.121721
0.090916
0.090721
0.113562
0.150872
0.194328
0.23706
0.274453
0.30432
0.326505
0.34215
0.352954
0.360604
0.366478
0.371551
0.376451
0.381547
0.387052
0.393085
0.399722
0.407013
0.414997
0.423705
0.433162
0.443385
0.454383
0.466157
0.478695
0.491976
0.505967
0.520622
0.535881
0.55167
0.567903
0.58448
0.601289
0.618204
0.635092
0.651808
0.668201
0.684116
0.699394
0.713877
0.727407
0.739835
0.751018
0.760822
0.769131
0.775839
0.780862
0.784133
0.785606
0.785258
0.783087
0.779114
0.773383
0.765956
0.756919
0.746373
0.734438
0.721247
0.706943
0.691681
0.67562
0.658923
0.641754
0.624274
0.606641
0.589005
0.571508
0.554281
0.537445
0.521105
0.505355
0.490275
0.475928
0.462366
0.449627
0.437735
0.426702
0.41653
0.40721
0.398725
0.39105
0.384154
0.377999
0.372547
0.367754
0.363575
0.359963
0.356874
0.354261
0.35208
0.35029
0.348848
0.347718
0.346864
0.346252
0.345853
0.345639
0.345585
0.34567
0.345872
0.346176
0.346564
0.347025
0.347546
0.348117
0.34873
0.349377
0.350052
0.35075
0.351466
0.352197
0.352978
0.353767
0.354556
0.355343
0.356129
0.356914
0.357698
0.35848
0.359262
0.360043
0.360822
0.3616
0.362377
0.363153
0.363928
0.364702
0.365475
0.366246
0.367016
0.367785
0.368553
0.369319
0.370084
0.370848
0.371611
0.372373
0.373133
0.373892
0.37465
0.375406
0.376161
0.376915
0.377668
0.37842
0.37917
0.37992
0.38067
0.381419
0.38217
0.382922
0.383678
0.384439
0.385209
0.385992
0.386795
0.387626
0.388495
0.389418
0.390414
0.391507
0.392728
0.394116
0.395717
0.397589
0.399798
0.40242
0.405542
0.409261
0.41368
0.418906
0.425048
0.43221
0.440486
0.449953
0.460661
0.472631
0.485842
0.500226
0.515665
0.531985
0.548956
0.566295
0.583672
0.600717
0.617034
0.632216
0.64586
0.657585
0.667053
0.67398
0.678154
0.679446
0.677816
0.673314
0.66608
0.656336
0.644375
0.630546
0.615238
0.598863
0.581835
0.564557
0.547404
0.530709
0.514756
0.499769
0.485909
0.473257
0.4618
0.451395
0.441725
0.432237
0.422101
0.410221
0.395376
0.376514
0.353214
0.326216
0.297857
0.272211
0.254848
0.252262
0.271133
0.317615
0.396612
0.510834
0.659381
0.835958
1.027417
1.213754
1.370503
1.473564
1.505179
1.459481
1.343179
1.173483
0.973738
0.767892
0.576081
0.41241
0.284824
0.19614
0.145276
0.128169
0.138451
0.168204
0.209008
0.253142
0.294642
0.329849
0.35737
0.377554
0.391763
0.4017
0.408945
0.414732
0.419916
0.425036
0.430407
0.43621
0.442549
0.449492
0.457084
0.465363
0.474357
0.48409
0.494576
0.505825
0.517834
0.530593
0.544078
0.558258
0.573084
0.588499
0.604431
0.620793
0.637488
0.654407
0.671427
0.688418
0.705238
0.721742
0.737777
0.753188
0.76782
0.781522
0.794145
0.805549
0.815603
0.82419
0.831207
0.836567
0.840201
0.842063
0.842125
0.840381
0.836846
0.831558
0.824575
0.815973
0.805849
0.794315
0.781495
0.767529
0.752563
0.736753
0.720255
0.70323
0.685837
0.668231
0.650562
0.632972
0.615593
0.598548
0.581945
0.565883
0.550444
0.535698
0.521701
0.508498
0.496117
0.484576
0.473884
0.464036
0.45502
0.446816
0.439397
0.43273
0.426778
0.4215
0.416854
0.412794
0.409277
0.406258
0.403691
0.401535
0.399749
0.398294
0.397133
0.396232
0.39556
0.395088
0.39479
0.394642
0.394623
0.394714
0.394898
0.39516
0.395489
0.395872
0.3963
0.396765
0.39726
0.397778
0.398316
0.398868
0.399431
0.40004
0.400654
0.401263
0.401868
0.402469
0.403065
0.403657
0.404244
0.404827
0.405406
0.405981
0.406551
0.407117
0.407678
0.408235
0.408788
0.409337
0.409881
0.410421
0.410956
0.411487
0.412014
0.412537
0.413055
0.413569
0.414079
0.414585
0.415086
0.415583
0.416076
0.416565
0.417049
0.417529
0.418006
0.418478
0.418947
0.419412
0.419874
0.420334
0.420792
0.421251
0.42171
0.422175
0.422647
0.423132
0.423638
0.424173
0.424751
0.425386
0.426101
0.426922
0.427882
0.429021
0.43039
0.432048
0.434063
0.436513
0.439487
0.443081
0.447399
0.452545
0.458625
0.465737
0.473971
0.483393
0.494048
0.505946
0.519055
0.5333
0.548554
0.564636
0.581312
0.598298
0.615263
0.631843
0.64765
0.662284
0.675354
0.686493
0.695373
0.701724
0.705343
0.706109
0.703986
0.699026
0.691367
0.681226
0.668889
0.654695
0.639024
0.622276
0.604857
0.587161
0.569556
0.552373
0.535893
0.520343
0.505888
0.492618
0.480538
0.469532
0.459324
0.449424
0.439076
0.427261
0.412796
0.394576
0.371986
0.345404
0.316651
0.289224
0.268171
0.259625
0.270127
0.305931
0.372335
0.472889
0.608219
0.774411
0.96139
1.152222
1.324395
1.453525
1.518811
1.510797
1.430645
1.289154
1.10499
0.900258
0.696057
0.50934
0.351609
0.229128
0.143879
0.094571
0.07737
0.08645
0.11461
0.15417
0.19794
0.24012
0.27692
0.30655
0.3289
0.34497
0.35626
0.36431
0.370396
0.375497
0.380256
0.385076
0.390197
0.39576
0.401849
0.40852
0.415813
0.423762
0.432392
0.441724
0.451773
0.462546
0.474043
0.486255
0.499164
0.512743
0.526953
0.541744
0.557055
0.572813
0.588936
0.605329
0.621886
0.638494
0.65503
0.671364
0.687362
0.702884
0.71779
0.731937
0.745189
0.757409
0.76847
0.778254
0.78665
0.793563
0.798911
0.802629
0.804665
0.80499
0.80359
0.800472
0.79566
0.789197
0.781144
0.771578
0.760591
0.74829
0.734792
0.720226
0.704726
0.688435
0.671496
0.654056
0.636259
0.618248
0.600159
0.582124
0.564265
0.546696
0.529521
0.512831
0.496707
0.48122
0.466425
0.452369
0.439084
0.426596
0.414915
0.404047
0.393985
0.384716
0.376222
0.36848
0.36145
0.35511
0.34941
0.34433
0.33981
0.33581
0.33231
0.32924
0.32659
0.3243
0.32234
0.32069
0.31929
0.31814
0.31719
0.31642
0.31581
0.31534
0.31499
0.31475
0.31459
0.3145
0.31448
0.31451
0.31459
0.3147
0.31484
0.31501
0.3152
0.3154
0.31561
0.31585
0.31612
0.31639
0.31666
0.31692
0.31718
0.31744
0.31769
0.31794
0.31819
0.31844
0.31868
0.31892
0.31915
0.31939
0.31962
0.31984
0.32007
0.32029
0.32051
0.32073
0.32094
0.32115
0.32136
0.32156
0.32177
0.32197
0.32216
0.32236
0.32255
0.32274
0.32293
0.32311
0.32329
0.32347
0.32365
0.32383
0.324
0.32417
0.32434
0.32451
0.32468
0.32485
0.32503
0.32521
0.32539
0.32559
0.32581
0.32605
0.32633
0.32665
0.32703
0.3275
0.32808
0.32881
0.32971
0.33083
0.33224
0.33399
0.33615
0.33881
0.34205
0.34596
0.35064
0.35619
0.3627
0.370245
0.378907
0.388732
0.399743
0.411932
0.425254
0.439622
0.454903
0.470917
0.487438
0.504199
0.520893
0.537183
0.552714
0.567124
0.580054
0.59117
0.600167
0.606791
0.610844
0.612198
0.610797
0.606664
0.599895
0.590658
0.579187
0.565769
0.55073
0.534427
0.517229
0.499504
0.481605
0.463863
0.446572
0.429982
0.414297
0.399664
0.386167
0.373814
0.36252
0.35204
0.34199
0.33174
0.32041
0.30696
0.29032
0.26968
0.24491
0.21693
0.18809
0.16216
0.14416
0.13986
0.15523
0.19582
0.26627
0.36954
0.505931
0.671738
0.857837
1.049121
1.225437
1.364473
1.446183
1.457462
1.395187
1.267495
1.091642
0.889589
0.683296
0.491102
0.32595
0.19528
0.10196
0.04531
0.02191
0.02623
0.05119
0.08902
0.13227
0.17481
0.2124
0.24295
0.2661
0.28276
0.29439
0.30257
0.30864
0.31362
0.31819
0.3228
0.3277
0.33304
0.3389
0.34535
0.35243
0.36017
0.36859
0.377725
0.387587
0.398181
0.409509
0.42156
0.434319
0.447756
0.461832
0.476498
0.491692
0.50734
0.523358
0.539649
0.556108
0.572618
0.589056
0.605289
0.621181
0.63659
0.651374
0.66539
0.678498
0.690562
0.701453
0.711051
0.719247
0.725946
0.731065
0.73454
0.736323
0.736385
0.734714
0.731321
0.726233
0.719495
0.711173
0.701347
0.690112
0.67758
0.663871
0.649115
0.633453
0.617027
0.599985
0.582473
0.564639
0.546625
0.528569
0.510601
0.492844
0.475409
0.458399
0.441905
0.426005
0.410765
0.396241
0.382474
0.3695
0.35733
0.34598
0.33545
0.32573
0.31681
0.30866
0.30126
0.29457
0.28856
0.2832
0.27843
0.27422
0.27053
0.26732
0.26454
0.26216
0.26014
0.25845
0.25704
0.25588
0.25496
0.25424
0.25369
0.2533
0.25304
0.2529
0.25286
0.2529
0.25302
0.2532
0.25343
0.2537
0.25401
0.25435
0.25472
0.25511
0.25551
0.25593
0.2564
0.25688
0.25736
0.25784
0.25832
0.25879
0.25927
0.25975
0.26023
0.26071
0.26119
0.26167
0.26215
0.26263
0.26311
0.26359
0.26407
0.26456
0.26504
0.26552
0.266
0.26649
0.26697
0.26745
0.26794
0.26842
0.26891
0.26939
0.26988
0.27037
0.27085
0.27134
0.27183
0.27232
0.2728
0.27329
0.27379
0.27428
0.27477
0.27527
0.27576
0.27627
0.27677
0.27729
0.27781
0.27835
0.27891
0.27949
0.28011
0.28078
0.28152
0.28233
0.28326
0.28432
0.28557
0.28704
0.28879
0.29087
0.29338
0.29637
0.29995
0.3042
0.30922
0.3151
0.32196
0.32986
0.33887
0.34906
0.36045
0.373021
0.38674
0.401514
0.417209
0.433644
0.450589
0.467772
0.484882
0.501578
0.517499
0.532278
0.545555
0.556988
0.566276
0.573161
0.57745
0.579018
0.577814
0.573869
0.567286
0.558245
0.546987
0.533808
0.519044
0.503057
0.486221
0.468909
0.451476
0.434251
0.417524
0.401543
0.386503
0.372544
0.35974
0.34808
0.33744
0.32757
0.31801
0.30807
0.29683
0.28321
0.26614
0.24494
0.21969
0.19169
0.16368
0.13986
0.12557
0.12677
0.14943
0.19898
0.27968
0.393848
0.540689
0.714831
0.905092
1.094293
1.26088
1.382501
1.440805
1.424276
1.333717
1.182383
0.991562
0.78526
0.585281
0.408139
0.26417
0.15816
0.09061
0.05872
0.05716
0.07871
0.11516
0.15841
0.20164
0.24011
0.27138
0.29502
0.31195
0.32376
0.33211
0.33841
0.34371
0.34868
0.35376
0.35918
0.36508
0.371549
0.378644
0.386404
0.394863
0.404045
0.41397
0.424652
0.436095
0.448293
0.461233
0.474887
0.489219
0.504179
0.519703
0.535718
0.552134
0.568851
0.585757
0.602729
0.619635
0.636334
0.652681
0.668523
0.683709
0.698085
0.711503
0.723818
0.734894
0.744606
0.752839
0.759497
0.764497
0.767777
0.769293
0.769022
0.766962
0.763134
0.757576
0.75035
0.741534
0.731226
0.719538
0.706595
0.692536
0.677506
0.661659
0.64515
0.628137
0.610778
0.593223
0.575621
0.558112
0.540824
0.523878
0.507381
0.491428
0.476101
0.461468
0.447585
0.434492
0.422222
0.410789
0.400203
0.390459
0.381546
0.373443
0.36613
0.35956
0.35371
0.34854
0.34399
0.34004
0.33663
0.33373
0.33128
0.32925
0.32759
0.32626
0.32524
0.32449
0.32396
0.32365
0.32351
0.32353
0.32368
0.32395
0.32432
0.32477
0.32529
0.32588
0.32651
0.32718
0.32789
0.32863
0.32938
0.33016
0.33095
0.3318
0.33265
0.3335
0.33435
0.3352
0.33605
0.3369
0.33774
0.33859
0.33943
0.34027
0.34111
0.34195
0.34279
0.34363
0.34447
0.3453
0.34613
0.34696
0.34779
0.34862
0.34945
0.35028
0.3511
0.35193
0.35275
0.35357
0.35439
0.35521
0.35602
0.35684
0.35765
0.35847
0.35928
0.36009
0.3609
0.36171
0.36251
0.36332
0.36413
0.36494
0.36575
0.36657
0.3674
0.36824
0.3691
0.36998
0.3709
0.371872
0.372912
0.374043
0.375294
0.376701
0.378306
0.380162
0.382331
0.384883
0.387901
0.391473
0.395697
0.400676
0.406515
0.413315
0.421172
0.430166
0.44036
0.451785
0.464442
0.478289
0.493237
0.509146
0.525825
0.54303
0.560468
0.577807
0.594678
0.610695
0.625465
0.638607
0.649764
0.658623
0.664928
0.668496
0.669219
0.667078
0.662138
0.654547
0.644531
0.632379
0.618433
0.60307
0.586687
0.569684
0.552446
0.535334
0.518669
0.502725
0.487722
0.473817
0.461094
0.449551
0.439068
0.429365
0.419949
0.410069
0.398713
0.384713
0.36699
0.34492
0.31887
0.29063
0.26361
0.24274
0.23406
0.24401
0.27879
0.34369
0.442343
0.575622
0.740065
0.926282
1.118161
1.293905
1.42942
1.503513
1.503279
1.42884
1.291168
1.109056
0.90515
0.701228
0.514819
0.35779
0.23654
0.15303
0.10584
0.09091
0.10214
0.13208
0.17283
0.2171
0.25918
0.29542
0.32429
0.3459
0.3614
0.372367
0.380343
0.386587
0.39201
0.397209
0.402549
0.408243
0.414415
0.421141
0.428473
0.436449
0.445101
0.454453
0.464524
0.475327
0.486866
0.499138
0.51213
0.525819
0.540171
0.555142
0.570674
0.586699
0.603138
0.619897
0.636875
0.653958
0.671023
0.68794
0.704573
0.72078
0.736415
0.751334
0.765394
0.778454
0.79038
0.801047
0.810338
0.818152
0.8244
0.829009
0.831924
0.83311
0.832548
0.830241
0.82621
0.820497
0.81316
0.804278
0.793942
0.78226
0.769353
0.75535
0.74039
0.724619
0.708184
0.691236
0.673924
0.656393
0.638785
0.621233
0.603864
0.586794
0.570129
0.553962
0.538376
0.52344
0.509212
0.495737
0.483048
0.471167
0.460105
0.449865
0.44044
0.431814
0.423966
0.416868
0.410489
0.404792
0.399739
0.395289
0.3914
0.38803
0.385138
0.382681
0.380621
0.378917
0.377535
0.37644
0.375599
0.374983
0.374564
0.374318
0.374222
0.374254
0.374398
0.374637
0.374956
0.375343
0.375787
0.376278
0.376808
0.377369
0.377956
0.378564
0.379187
0.379823
0.380477
0.381173
0.381864
0.382551
0.383232
0.38391
0.384582
0.38525
0.385914
0.386573
0.387227
0.387876
0.388521
0.389161
0.389797
0.390428
0.391055
0.391677
0.392294
0.392907
0.393515
0.394119
0.394718
0.395312
0.395902
0.396488
0.397069
0.397645
0.398217
0.398784
0.399347
0.399906
0.40046
0.401009
0.401555
0.402096
0.402633
0.403166
0.403695
0.404221
0.404744
0.405266
0.405787
0.406309
0.406834
0.407367
0.407912
0.408474
0.409062
0.409688
0.410364
0.411111
0.41195
0.412911
0.414029
0.415346
0.416915
0.418795
0.421055
0.423772
0.427033
0.430931
0.435563
0.441028
0.447424
0.454841
0.463358
0.473034
0.483906
0.495978
0.509216
0.523547
0.538848
0.554951
0.571636
0.58864
0.605656
0.622347
0.638351
0.653295
0.666809
0.678542
0.688176
0.695439
0.700118
0.702071
0.701231
0.697612
0.691305
0.682477
0.671365
0.658259
0.643495
0.627437
0.610465
0.592957
0.575278
0.557764
0.540716
0.52439
0.508991
0.494664
0.481491
0.469469
0.458488
0.448295
0.438439
0.428234
0.416751
0.40289
0.385578
0.36411
0.33855
0.31021
0.28189
0.25787
0.24358
0.24508
0.26843
0.3191
0.401324
0.517329
0.66604
0.841605
1.032171
1.219814
1.382394
1.497412
1.547001
1.524569
1.433286
1.284787
1.097355
0.891901
0.688087
0.501662
0.34338
0.21919
0.13112
0.07815
0.05691
0.06214
0.08722
0.12493
0.16831
0.21151
0.25037
0.28264
0.30772
0.32624
0.33947
0.3489
0.35586
0.36143
0.36635
0.371124
0.376071
0.381369
0.387125
0.393409
0.400269
0.40774
0.415852
0.424627
0.434085
0.444237
0.455091
0.466645
0.478891
0.491811
0.505381
0.519562
0.53431
0.549568
0.56527
0.581338
0.597685
0.614216
0.630824
0.647397
0.663814
0.679951
0.695676
0.71086
0.725368
0.739069
0.751834
0.76354
0.77407
0.783315
0.791178
0.797574
0.802429
0.805686
0.807304
0.807258
0.805539
0.802156
0.797134
0.790518
0.782364
0.772748
0.761755
0.749487
0.736053
0.721574
0.706177
0.689993
0.67316
0.655813
0.63809
0.620125
0.602048
0.583986
0.566055
0.548366
0.53102
0.51411
0.497714
0.481905
0.466741
0.452272
0.438535
0.425558
0.413359
0.401948
0.391325
0.381482
0.372406
0.36408
0.35648
0.34956
0.34331
0.33768
0.33265
0.32816
0.32418
0.32068
0.31761
0.31494
0.31264
0.31066
0.30898
0.30756
0.30637
0.3054
0.30461
0.30398
0.30349
0.30313
0.30287
0.3027
0.30262
0.3026
0.30263
0.30271
0.30284
0.30299
0.30318
0.30338
0.30361
0.30385
0.3041
0.3044
0.3047
0.305
0.3053
0.3056
0.30589
0.30618
0.30646
0.30675
0.30703
0.3073
0.30758
0.30785
0.30811
0.30838
0.30864
0.3089
0.30915
0.30941
0.30966
0.3099
0.31015
0.31039
0.31063
0.31086
0.3111
0.31133
0.31156
0.31178
0.312
0.31222
0.31244
0.31266
0.31287
0.31308
0.31329
0.31349
0.3137
0.3139
0.3141
0.3143
0.3145
0.31469
0.31489
0.31509
0.3153
0.31551
0.31573
0.31597
0.31623
0.31652
0.31685
0.31723
0.31769
0.31824
0.31892
0.31974
0.32076
0.32202
0.32357
0.32548
0.32782
0.33066
0.33409
0.33819
0.34305
0.34878
0.35544
0.36313
0.371892
0.381789
0.392835
0.405023
0.418311
0.432617
0.447822
0.463759
0.480223
0.496968
0.513711
0.530142
0.545931
0.560737
0.57422
0.586057
0.595948
0.603635
0.608907
0.611612
0.611663
0.609043
0.603804
0.596066
0.586012
0.573881
0.559955
0.544553
0.528014
0.510686
0.492914
0.475028
0.457334
0.440103
0.42357
0.407923
0.393298
0.379775
0.36737
0.356
0.34546
0.33541
0.32528
0.31431
0.30153
0.28593
0.26663
0.24327
0.21633
0.1875
0.15979
0.13747
0.1257
0.13009
0.15612
0.2087
0.29162
0.406857
0.553517
0.726567
0.915772
1.105487
1.275946
1.4062
1.478209
1.480891
1.411802
1.279431
1.101076
0.898205
0.692042
0.500226
0.3352
0.20417
0.10992
0.05188
0.02681
0.02944
0.05297
0.08987
0.13284
0.17573
0.21419
0.24588
0.27024
0.28798
0.30047
0.30924
0.31566
0.3208
0.3254
0.32994
0.33471
0.33987
0.34553
0.35175
0.35857
0.36604
0.374167
0.382993
0.392527
0.402781
0.413757
0.425451
0.437851
0.450933
0.464665
0.479004
0.493895
0.509273
0.525063
0.541175
0.557515
0.573973
0.590434
0.606776
0.622866
0.638573
0.653756
0.668279
0.682002
0.694791
0.706516
0.717053
0.72629
0.734122
0.740461
0.745229
0.748368
0.749834
0.749601
0.747663
0.74403
0.738731
0.731814
0.723342
0.713395
0.702066
0.689464
0.675706
0.66092
0.64524
0.628805
0.611759
0.594244
0.576404
0.558375
0.540294
0.522287
0.504473
0.486964
0.46986
0.45325
0.437214
0.421817
0.407115
0.393152
0.37996
0.36757
0.35598
0.34519
0.33521
0.32603
0.31761
0.30994
0.30299
0.29672
0.29109
0.28608
0.28163
0.27772
0.27429
0.27131
0.26874
0.26654
0.26468
0.26312
0.26183
0.26078
0.25994
0.2593
0.25882
0.25848
0.25826
0.25816
0.25815
0.25822
0.25836
0.25855
0.2588
0.25909
0.25941
0.25976
0.26013
0.26053
0.26094
0.26137
0.26186
0.26234
0.26282
0.2633
0.26378
0.26427
0.26475
0.26523
0.26572
0.2662
0.26669
0.26717
0.26766
0.26814
0.26863
0.26911
0.2696
0.27009
0.27058
0.27107
0.27155
0.27204
0.27253
0.27302
0.27351
0.27401
0.2745
0.27499
0.27548
0.27598
0.27647
0.27696
0.27746
0.27796
0.27845
0.27895
0.27945
0.27995
0.28045
0.28095
0.28146
0.28196
0.28248
0.283
0.28352
0.28406
0.28462
0.2852
0.2858
0.28645
0.28715
0.28793
0.28879
0.28977
0.29091
0.29223
0.2938
0.29565
0.29786
0.3005
0.30365
0.3074
0.31183
0.31704
0.32313
0.33019
0.33829
0.3475
0.35787
0.36942
0.382139
0.395977
0.410843
0.426603
0.443077
0.460041
0.477228
0.494335
0.511031
0.526966
0.541783
0.555132
0.566682
0.576135
0.58324
0.587802
0.589693
0.588856
0.585309
0.579143
0.57052
0.559665
0.546857
0.532413
0.516682
0.500026
0.482807
0.465376
0.448061
0.431155
0.414912
0.39954
0.385192
0.371962
0.35988
0.34886
0.33873
0.32912
0.31946
0.30897
0.29663
0.28138
0.26232
0.23911
0.21235
0.18393
0.15717
0.13669
0.12798
0.13693
0.16917
0.22962
0.32184
0.447183
0.603563
0.78407
0.976033
1.161296
1.318295
1.425861
1.46783
1.434679
1.329553
1.167784
0.971637
0.764948
0.568529
0.397567
0.26113
0.16302
0.10298
0.07766
0.0813
0.10643
0.14479
0.18847
0.23104
0.2682
0.29795
0.32017
0.33597
0.34696
0.35479
0.3608
0.36595
0.370869
0.375949
0.381404
0.38736
0.393895
0.40106
0.408895
0.417432
0.426696
0.436705
0.447471
0.458996
0.471275
0.484289
0.498013
0.512406
0.527416
0.54298
0.55902
0.575447
0.592158
0.60904
0.625968
0.642811
0.659426
0.675666
0.691382
0.706421
0.72063
0.733862
0.745973
0.75683
0.766308
0.774296
0.780699
0.785438
0.788452
0.789701
0.789164
0.786843
0.78276
0.776956
0.769494
0.760457
0.749941
0.738061
0.724944
0.710728
0.69556
0.679592
0.662981
0.645884
0.628457
0.610851
0.593212
0.575679
0.558381
0.541434
0.524946
0.509009
0.493704
0.479098
0.465245
0.452186
0.439948
0.428549
0.417995
0.408282
0.399396
0.391318
0.384021
0.377472
0.371635
0.36647
0.36194
0.35799
0.35458
0.35166
0.34921
0.34716
0.34549
0.34415
0.3431
0.34232
0.34177
0.34143
0.34127
0.34125
0.34138
0.34161
0.34195
0.34236
0.34285
0.3434
0.34399
0.34463
0.3453
0.346
0.34672
0.34746
0.34822
0.34902
0.34984
0.35065
0.35146
0.35227
0.35308
0.35389
0.3547
0.35551
0.35631
0.35711
0.35792
0.35872
0.35952
0.36031
0.36111
0.36191
0.3627
0.36349
0.36428
0.36507
0.36586
0.36665
0.36744
0.36822
0.369
0.36979
0.370562
0.371341
0.372118
0.372894
0.373668
0.374442
0.375213
0.375984
0.376753
0.377522
0.37829
0.379057
0.379826
0.380596
0.381369
0.382147
0.382934
0.383733
0.38455
0.385393
0.386273
0.387202
0.388198
0.389284
0.390489
0.391846
0.3934
0.395202
0.397313
0.399803
0.402753
0.406252
0.410396
0.415288
0.421033
0.427732
0.43548
0.44436
0.454434
0.465736
0.47827
0.491996
0.506828
0.522632
0.53922
0.556352
0.573741
0.591056
0.607934
0.62399
0.638833
0.652079
0.663371
0.672394
0.678886
0.682657
0.683594
0.681669
0.67694
0.669546
0.659707
0.647704
0.633874
0.618591
0.602248
0.585246
0.56797
0.550784
0.534012
0.517934
0.502773
0.488694
0.47579
0.46407
0.453429
0.443611
0.434151
0.424331
0.413173
0.39952
0.382259
0.36071
0.33506
0.3069
0.27942
0.25737
0.24663
0.25363
0.28461
0.34503
0.438772
0.567193
0.727552
0.911413
1.103668
1.283257
1.426196
1.510563
1.521954
1.457756
1.327245
1.148948
0.946073
0.741385
0.553424
0.394822
0.27244
0.18842
0.14132
0.12694
0.13893
0.16956
0.21065
0.25479
0.29624
0.33148
0.35915
0.379565
0.39403
0.404189
0.411589
0.41746
0.422665
0.427754
0.433056
0.438763
0.444983
0.451785
0.459219
0.46732
0.47612
0.48564
0.495899
0.506905
0.518661
0.531158
0.544379
0.558294
0.572863
0.588034
0.60374
0.619906
0.636441
0.653243
0.6702
0.687188
0.704075
0.720723
0.736985
0.752714
0.767759
0.781971
0.795204
0.807316
0.818177
0.827664
0.835667
0.842093
0.846864
0.84992
0.851221
0.850746
0.848495
0.844489
0.838769
0.831396
0.822448
0.812021
0.800227
0.787189
0.773043
0.757932
0.742007
0.725422
0.70833
0.690887
0.673241
0.655539
0.637918
0.620505
0.603419
0.586767
0.570643
0.555129
0.540293
0.526191
0.512866
0.500348
0.488657
0.4778
0.467776
0.458575
0.450179
0.442561
0.435693
0.429538
0.424058
0.419211
0.414957
0.41125
0.408047
0.405306
0.402984
0.40104
0.399438
0.398139
0.397111
0.396321
0.39574
0.395343
0.395104
0.395002
0.395018
0.395134
0.395335
0.395607
0.39594
0.396322
0.396745
0.397202
0.397685
0.39819
0.398712
0.399247
0.399801
0.400397
0.400989
0.401576
0.402159
0.402738
0.403312
0.403882
0.404447
0.405008
0.405565
0.406117
0.406665
0.407209
0.407748
0.408283
0.408813
0.409339
0.409861
0.410378
0.410891
0.4114
0.411904
0.412405
0.4129
0.413392
0.413879
0.414362
0.414841
0.415315
0.415785
0.416251
0.416713
0.41717
0.417624
0.418073
0.418519
0.418961
0.4194
0.419837
0.420271
0.420705
0.421139
0.421577
0.422021
0.422476
0.422947
0.423443
0.423974
0.424554
0.425201
0.425938
0.426794
0.427805
0.429012
0.43047
0.432237
0.434386
0.436995
0.440153
0.443957
0.448506
0.453904
0.460252
0.467642
0.476154
0.485851
0.496765
0.508899
0.522214
0.536625
0.552001
0.568158
0.584861
0.601827
0.618733
0.635222
0.650916
0.665429
0.678382
0.689421
0.69823
0.704548
0.708178
0.709001
0.706981
0.702163
0.694675
0.684724
0.672578
0.658563
0.643042
0.626402
0.609035
0.591327
0.573641
0.556304
0.539601
0.523766
0.508973
0.495331
0.482871
0.471518
0.461062
0.451101
0.440997
0.429851
0.416555
0.399971
0.379249
0.35429
0.32617
0.29755
0.27264
0.25695
0.25669
0.27815
0.32705
0.407879
0.523022
0.671467
0.847197
1.037889
1.224862
1.385126
1.495576
1.538338
1.506315
1.403751
1.244864
1.050572
0.843644
0.644398
0.468112
0.32435
0.21759
0.14831
0.11398
0.10968
0.12867
0.16323
0.20558
0.24899
0.28851
0.32138
0.34675
0.36523
0.378191
0.387247
0.39384
0.399093
0.403788
0.408421
0.41329
0.418567
0.424354
0.430716
0.437698
0.445337
0.453659
0.46269
0.472444
0.482931
0.494154
0.506105
0.518767
0.532115
0.54611
0.560704
0.575834
0.59143
0.607406
0.623668
0.640107
0.656608
0.673046
0.689288
0.705196
0.720627
0.735436
0.749479
0.762614
0.774702
0.785612
0.795223
0.803423
0.810116
0.815217
0.81866
0.820398
0.820399
0.818654
0.815172
0.809979
0.803125
0.794674
0.784709
0.773327
0.760641
0.746773
0.731857
0.716034
0.699449
0.682253
0.664593
0.646619
0.628474
0.610297
0.59222
0.574365
0.556845
0.539761
0.523205
0.507253
0.491972
0.477414
0.463621
0.450623
0.438438
0.427074
0.416531
0.406799
0.397861
0.389693
0.382267
0.375549
0.36951
0.36409
0.35927
0.35499
0.35123
0.34793
0.34505
0.34256
0.34041
0.33858
0.33703
0.33572
0.33463
0.33373
0.333
0.33241
0.33195
0.3316
0.33134
0.33115
0.33104
0.33097
0.33096
0.33098
0.33103
0.33112
0.33122
0.33133
0.33147
0.33161
0.33181
0.33199
0.33218
0.33236
0.33254
0.33272
0.33289
0.33306
0.33323
0.3334
0.33356
0.33372
0.33388
0.33404
0.33419
0.33434
0.33449
0.33464
0.33478
0.33493
0.33507
0.3352
0.33534
0.33547
0.3356
0.33573
0.33585
0.33598
0.3361
0.33622
0.33634
0.33645
0.33657
0.33668
0.33679
0.3369
0.337
0.33711
0.33721
0.33732
0.33742
0.33753
0.33765
0.33777
0.3379
0.33804
0.33821
0.33841
0.33865
0.33895
0.33933
0.3398
0.34041
0.34119
0.34218
0.34344
0.34502
0.347
0.34946
0.35249
0.35617
0.36062
0.36592
0.372163
0.379456
0.387864
0.397443
0.408222
0.4202
0.433334
0.447541
0.462691
0.478604
0.495052
0.511763
0.528426
0.544696
0.560209
0.574594
0.587483
0.598532
0.60743
0.613917
0.617793
0.61893
0.617277
0.612861
0.60579
0.596243
0.584466
0.570759
0.555464
0.538949
0.521592
0.503769
0.485841
0.468138
0.450952
0.434531
0.419069
0.4047
0.391493
0.379429
0.36838
0.35806
0.34798
0.33741
0.3254
0.31083
0.29266
0.27029
0.24396
0.2152
0.18705
0.16399
0.15159
0.15593
0.18301
0.23813
0.32529
0.446269
0.599386
0.777954
0.969195
1.154425
1.311213
1.417462
1.456426
1.419641
1.31124
1.146991
0.949395
0.742296
0.546332
0.37643
0.2414
0.14481
0.08623
0.06216
0.06672
0.09234
0.13073
0.17403
0.21589
0.25215
0.28094
0.30223
0.31718
0.32744
0.33463
0.34006
0.3447
0.34914
0.35376
0.35876
0.36427
0.370363
0.377093
0.384496
0.392604
0.40144
0.411024
0.421365
0.432467
0.444321
0.456911
0.470207
0.484169
0.498744
0.513866
0.529458
0.545427
0.561671
0.578074
0.594512
0.61085
0.626946
0.642652
0.657818
0.672289
0.685915
0.698547
0.710042
0.720268
0.729101
0.736431
0.742164
0.746224
0.748551
0.749108
0.747877
0.744861
0.740085
0.733593
0.725451
0.715742
0.704567
0.692042
0.678296
0.663469
0.647708
0.631167
0.614004
0.596375
0.578436
0.560339
0.54223
0.524245
0.506513
0.48915
0.472259
0.455935
0.440254
0.425282
0.411072
0.397662
0.385079
0.373338
0.36245
0.3524
0.34317
0.33475
0.32711
0.32021
0.31402
0.3085
0.3036
0.29928
0.2955
0.29221
0.28937
0.28693
0.28487
0.28313
0.28168
0.28049
0.27954
0.27878
0.2782
0.27777
0.27747
0.27729
0.2772
0.27719
0.27726
0.27738
0.27755
0.27777
0.27801
0.27829
0.27859
0.27891
0.27924
0.27963
0.28002
0.28042
0.28081
0.28121
0.28161
0.28201
0.28241
0.28281
0.28321
0.28361
0.28401
0.28441
0.28481
0.28521
0.28562
0.28602
0.28643
0.28683
0.28724
0.28765
0.28805
0.28846
0.28887
0.28928
0.28969
0.2901
0.29052
0.29093
0.29134
0.29176
0.29217
0.29259
0.29301
0.29343
0.29385
0.29427
0.29469
0.29511
0.29554
0.29598
0.29642
0.29686
0.29732
0.2978
0.29829
0.29882
0.29939
0.30002
0.30072
0.30152
0.30245
0.30355
0.30486
0.30643
0.30833
0.31064
0.31343
0.3168
0.32084
0.32567
0.33137
0.33807
0.34583
0.35476
0.36489
0.376263
0.388864
0.402643
0.4175
0.433287
0.449798
0.466782
0.483936
0.500919
0.517359
0.532867
0.547051
0.559533
0.569966
0.578046
0.583533
0.586256
0.586128
0.583146
0.577392
0.569031
0.558303
0.545507
0.530996
0.51515
0.498369
0.48105
0.463576
0.446299
0.429531
0.413536
0.398521
0.38463
0.371931
0.36041
0.3499
0.34009
0.33045
0.32016
0.30818
0.29332
0.27456
0.25145
0.22459
0.19609
0.16967
0.15053
0.14484
0.15904
0.19919
0.27033
0.375654
0.515314
0.684807
0.873452
1.063884
1.23353
1.358434
1.418629
1.402306
1.310596
1.157452
0.965186
0.758727
0.560391
0.386731
0.24777
0.14782
0.0868
0.0613
0.06534
0.09111
0.13
0.17382
0.21602
0.25238
0.28107
0.30218
0.31701
0.32727
0.33463
0.34039
0.34547
0.35046
0.35568
0.36134
0.36754
0.374344
0.381817
0.389989
0.398889
0.408542
0.418963
0.43016
0.442131
0.454864
0.468335
0.48251
0.497339
0.512761
0.5287
0.545067
0.56176
0.578663
0.595652
0.612589
0.629328
0.645719
0.661604
0.676824
0.691221
0.70464
0.71693
0.727951
0.737572
0.745676
0.752164
0.756952
0.759978
0.7612
0.760598
0.758175
0.753954
0.747984
0.740332
0.731084
0.720348
0.708244
0.694908
0.680486
0.665133
0.649009
0.632279
0.615105
0.597648
0.580066
0.562507
0.545112
0.528009
0.511317
0.495139
0.479567
0.464677
0.450532
0.43718
0.424655
0.412981
0.402167
0.392214
0.38311
0.374837
0.36737
0.36068
0.35472
0.34945
0.34483
0.34082
0.33737
0.33444
0.33197
0.32992
0.32826
0.32694
0.32592
0.32517
0.32466
0.32436
0.32424
0.32427
0.32443
0.32472
0.32509
0.32555
0.32609
0.32667
0.32731
0.32799
0.3287
0.32943
0.33019
0.33097
0.33176
0.3326
0.33344
0.33429
0.33513
0.33597
0.33681
0.33765
0.33849
0.33933
0.34017
0.341
0.34184
0.34267
0.3435
0.34433
0.34516
0.34599
0.34681
0.34764
0.34846
0.34928
0.35011
0.35093
0.35175
0.35256
0.35338
0.35419
0.35501
0.35582
0.35663
0.35744
0.35825
0.35906
0.35986
0.36067
0.36147
0.36227
0.36308
0.36388
0.36469
0.3655
0.36632
0.36714
0.36799
0.36885
0.36974
0.370668
0.371659
0.372727
0.373898
0.375206
0.376689
0.378397
0.380389
0.382734
0.38551
0.388806
0.392722
0.39736
0.40283
0.409239
0.41669
0.425274
0.435062
0.4461
0.458399
0.471929
0.486611
0.502314
0.518853
0.535985
0.553416
0.570806
0.587777
0.603931
0.618858
0.632159
0.64346
0.652435
0.658813
0.662401
0.663089
0.660857
0.655776
0.648006
0.637785
0.625422
0.611275
0.595741
0.579233
0.562167
0.544939
0.527916
0.511421
0.495726
0.48104
0.467507
0.455189
0.444046
0.4339
0.424384
0.414883
0.4045
0.392091
0.376442
0.3566
0.33237
0.30483
0.27674
0.25254
0.23811
0.24004
0.26496
0.3188
0.406042
0.528706
0.684769
0.8664
1.058733
1.24037
1.386402
1.473685
1.486787
1.423954
1.294843
1.117655
0.915326
0.710489
0.5217
0.36172
0.23758
0.1516
0.10254
0.08636
0.09692
0.1266
0.16732
0.21161
0.25363
0.2897
0.31828
0.33955
0.35474
0.36545
0.373255
0.379412
0.384816
0.390049
0.39546
0.401251
0.407541
0.414402
0.421884
0.430025
0.438855
0.448399
0.458675
0.469694
0.481458
0.493962
0.50719
0.521115
0.535699
0.550893
0.566635
0.582851
0.599455
0.616348
0.633421
0.650554
0.66762
0.68448
0.700994
0.717013
0.732391
0.746977
0.760628
0.773201
0.784563
0.794591
0.803172
0.810209
0.81562
0.819339
0.821322
0.821541
0.819991
0.816685
0.811658
0.804963
0.796672
0.786876
0.775678
0.763198
0.749567
0.734923
0.719413
0.70319
0.686405
0.669212
0.651761
0.634199
0.616663
0.599286
0.582189
0.565481
0.549262
0.533617
0.518619
0.50433
0.490797
0.478056
0.466131
0.455033
0.444767
0.435325
0.426692
0.418848
0.411763
0.405405
0.399739
0.394722
0.390316
0.386475
0.383158
0.380322
0.377923
0.375922
0.374279
0.372957
0.371922
0.37114
0.370581
0.370219
0.370027
0.36999
0.370065
0.370257
0.370541
0.370904
0.371333
0.371817
0.372346
0.372913
0.373509
0.374131
0.374771
0.375426
0.376093
0.376776
0.377498
0.378215
0.378927
0.379635
0.380338
0.381036
0.38173
0.382419
0.383103
0.383783
0.384458
0.385129
0.385795
0.386456
0.387113
0.387765
0.388412
0.389055
0.389693
0.390327
0.390956
0.39158
0.3922
0.392815
0.393426
0.394032
0.394634
0.395231
0.395824
0.396412
0.396995
0.397575
0.398149
0.39872
0.399286
0.399848
0.400407
0.400962
0.401514
0.402064
0.402614
0.403164
0.403718
0.404278
0.404849
0.405438
0.406052
0.406703
0.407405
0.408176
0.40904
0.410026
0.41117
0.412516
0.414117
0.416033
0.418336
0.421106
0.424431
0.428407
0.433133
0.438712
0.445242
0.452816
0.461512
0.471389
0.482478
0.494779
0.508252
0.522811
0.538323
0.554605
0.571422
0.588494
0.605498
0.622081
0.637869
0.652479
0.665536
0.676689
0.685625
0.692085
0.695872
0.696868
0.695033
0.690411
0.683126
0.673377
0.661431
0.647607
0.632262
0.615778
0.598546
0.580947
0.563343
0.546062
0.529389
0.513561
0.498756
0.48509
0.4726
0.461226
0.450777
0.440881
0.430937
0.420085
0.407249
0.391289
0.371299
0.34704
0.31938
0.29069
0.26491
0.2473
0.24397
0.26117
0.30471
0.379303
0.487814
0.630008
0.801042
0.990042
1.179734
1.347969
1.471446
1.530843
1.517481
1.433072
1.288798
1.103268
0.898215
0.694242
0.507858
0.35027
0.2276
0.1418
0.09166
0.07345
0.08154
0.1089
0.14799
0.1917
0.23422
0.27166
0.30207
0.32523
0.34202
0.35388
0.36232
0.36865
0.373879
0.378681
0.383488
0.388558
0.394044
0.400036
0.406593
0.413758
0.421565
0.430041
0.439207
0.449078
0.459665
0.47097
0.482985
0.495697
0.509081
0.523103
0.537717
0.552867
0.568487
0.584497
0.60081
0.617326
0.633936
0.650524
0.666965
0.683129
0.69888
0.714082
0.728594
0.742281
0.755008
0.766647
0.777076
0.786183
0.793867
0.800041
0.804632
0.807583
0.808853
0.80842
0.80628
0.802446
0.79695
0.789842
0.781187
0.771068
0.759581
0.746835
0.732948
0.718049
0.702273
0.68576
0.668653
0.651094
0.633225
0.615184
0.597104
0.579111
0.561323
0.54385
0.52679
0.510231
0.49425
0.478911
0.464269
0.450367
0.437234
0.424892
0.413353
0.402617
0.392679
0.383524
0.375134
0.36749
0.36054
0.35427
0.34864
0.34361
0.33914
0.33518
0.33171
0.32868
0.32604
0.32377
0.32183
0.32019
0.3188
0.31765
0.31671
0.31595
0.31535
0.31488
0.31454
0.3143
0.31414
0.31406
0.31405
0.31409
0.31417
0.31429
0.31444
0.31462
0.31481
0.31503
0.31525
0.31549
0.31578
0.31606
0.31634
0.31662
0.31689
0.31716
0.31742
0.31769
0.31795
0.3182
0.31846
0.31871
0.31895
0.3192
0.31944
0.31968
0.31991
0.32015
0.32037
0.3206
0.32082
0.32105
0.32126
0.32148
0.32169
0.3219
0.32211
0.32231
0.32251
0.32271
0.32291
0.3231
0.32329
0.32348
0.32367
0.32385
0.32403
0.32421
0.32439
0.32457
0.32475
0.32492
0.3251
0.32528
0.32547
0.32567
0.32588
0.32611
0.32636
0.32666
0.327
0.32742
0.32792
0.32854
0.32931
0.33027
0.33146
0.33295
0.33479
0.33706
0.33983
0.3432
0.34725
0.35208
0.35778
0.36445
0.372159
0.380979
0.390955
0.402107
0.414421
0.427851
0.442305
0.457649
0.473704
0.490245
0.507007
0.523688
0.539956
0.555463
0.569854
0.582777
0.593904
0.602936
0.609623
0.61377
0.615247
0.613997
0.610038
0.603458
0.59442
0.583146
0.569912
0.555037
0.538867
0.521762
0.504086
0.486188
0.468395
0.451002
0.434264
0.418389
0.403531
0.389787
0.377182
0.36566
0.35501
0.34491
0.33478
0.32384
0.3111
0.2955
0.27612
0.25259
0.22546
0.19656
0.16913
0.14773
0.13782
0.14526
0.1757
0.23409
0.32408
0.447153
0.601453
0.780379
0.971618
1.157328
1.316099
1.42666
1.472453
1.445287
1.347952
1.193525
1.001883
0.795158
0.593558
0.412689
0.26269
0.14866
0.07175
0.03001
0.01913
0.03293
0.06407
0.1049
0.14851
0.18955
0.22467
0.2525
0.27321
0.28795
0.29825
0.30559
0.31121
0.316
0.32055
0.32522
0.33022
0.33569
0.3417
0.3483
0.35554
0.36343
0.372011
0.381302
0.391314
0.402052
0.413515
0.425694
0.438569
0.452109
0.466276
0.481018
0.496272
0.511964
0.528011
0.544315
0.560773
0.577268
0.593678
0.609873
0.625717
0.641072
0.655798
0.669755
0.682804
0.694813
0.705655
0.715213
0.723379
0.73006
0.735176
0.738663
0.740472
0.740576
0.738964
0.735642
0.730638
0.723996
0.715777
0.706061
0.694939
0.68252
0.668921
0.65427
0.638702
0.622359
0.605384
0.587922
0.570118
0.552112
0.534042
0.516036
0.498216
0.480695
0.463575
0.446948
0.430894
0.41548
0.400763
0.386789
0.373589
0.36119
0.3496
0.33882
0.32885
0.31968
0.31128
0.30363
0.2967
0.29046
0.28487
0.27988
0.27547
0.27158
0.26819
0.26524
0.2627
0.26053
0.2587
0.25717
0.2559
0.25488
0.25406
0.25343
0.25297
0.25265
0.25245
0.25235
0.25235
0.25243
0.25257
0.25277
0.25302
0.25331
0.25363
0.25398
0.25436
0.25475
0.25516
0.25559
0.25607
0.25654
0.25702
0.25749
0.25797
0.25844
0.25892
0.25939
0.25987
0.26035
0.26082
0.2613
0.26178
0.26226
0.26273
0.26321
0.26369
0.26417
0.26465
0.26513
0.26561
0.26609
0.26657
0.26705
0.26753
0.26801
0.26849
0.26898
0.26946
0.26994
0.27043
0.27091
0.2714
0.27188
0.27237
0.27285
0.27334
0.27383
0.27432
0.27481
0.27531
0.27581
0.27631
0.27682
0.27735
0.27788
0.27844
0.27902
0.27963
0.28029
0.28102
0.28183
0.28274
0.28379
0.28502
0.28646
0.28818
0.29022
0.29267
0.29559
0.29908
0.30322
0.30812
0.31386
0.32054
0.32824
0.33704
0.34699
0.35813
0.370447
0.383913
0.398449
0.413933
0.430198
0.447029
0.46417
0.481324
0.498163
0.514337
0.529485
0.54325
0.555289
0.565292
0.572991
0.578174
0.580693
0.580473
0.577516
0.571897
0.563766
0.553337
0.540881
0.526715
0.511186
0.494659
0.477502
0.460073
0.442707
0.425709
0.409343
0.393825
0.379319
0.36593
0.3537
0.34255
0.33232
0.32266
0.31303
0.30263
0.29047
0.27547
0.2567
0.23374
0.20714
0.17872
0.15177
0.13091
0.12168
0.13002
0.16166
0.22161
0.31349
0.438699
0.59514
0.775801
0.967799
1.152683
1.308588
1.414161
1.453291
1.418699
1.314411
1.154721
0.960355
0.753751
0.554898
0.37884
0.23503
0.12792
0.05806
0.02302
0.01801
0.03646
0.07078
0.11328
0.15722
0.1976
0.23151
0.25799
0.27754
0.29145
0.30132
0.30859
0.31441
0.3196
0.32467
0.32995
0.33562
0.34179
0.34852
0.35586
0.36385
0.37252
0.381893
0.391985
0.402807
0.414362
0.426646
0.439645
0.453335
0.467681
0.482638
0.498149
0.514145
0.530547
0.547263
0.56419
0.581218
0.598226
0.615083
0.631657
0.647807
0.663391
0.678267
0.692294
0.705332
0.717251
0.727928
0.737247
0.745108
0.751423
0.75612
0.759144
0.760458
0.760043
0.7579
0.754049
0.748528
0.741394
0.732719
0.722595
0.711124
0.698424
0.684621
0.66985
0.654254
0.637977
0.621167
0.603971
0.586533
0.568994
0.551486
0.534135
0.517058
0.500362
0.484142
0.468482
0.453453
0.439115
0.425516
0.412692
0.400668
0.389459
0.379068
0.3695
0.36072
0.35273
0.3455
0.33899
0.33318
0.32803
0.32349
0.31954
0.31611
0.31318
0.3107
0.30864
0.30695
0.30559
0.30454
0.30377
0.30323
0.3029
0.30276
0.30278
0.30294
0.30322
0.30361
0.30409
0.30465
0.30527
0.30595
0.30668
0.30744
0.30823
0.30905
0.30989
0.31075
0.31163
0.31252
0.31346
0.31439
0.31532
0.31625
0.31718
0.3181
0.31903
0.31995
0.32088
0.3218
0.32271
0.32363
0.32455
0.32546
0.32637
0.32728
0.32819
0.3291
0.33001
0.33091
0.33181
0.33271
0.33361
0.33451
0.33541
0.3363
0.33719
0.33808
0.33897
0.33986
0.34074
0.34163
0.34251
0.34339
0.34427
0.34515
0.34602
0.3469
0.34777
0.34865
0.34952
0.3504
0.35128
0.35217
0.35306
0.35398
0.35491
0.35587
0.35686
0.35791
0.35904
0.36025
0.36158
0.36308
0.36476
0.3667
0.36894
0.371544
0.374602
0.378192
0.382402
0.38733
0.393072
0.399725
0.40738
0.416114
0.425992
0.437053
0.449307
0.46273
0.477257
0.492778
0.509138
0.526132
0.543511
0.560984
0.578225
0.594882
0.610593
0.62499
0.637721
0.648463
0.656931
0.6629
0.666204
0.666753
0.664534
0.659611
0.652123
0.642278
0.630344
0.616636
0.601504
0.585315
0.568446
0.55126
0.534103
0.517286
0.501081
0.485713
0.471352
0.458108
0.446021
0.435036
0.424979
0.415508
0.406071
0.395871
0.3839
0.36906
0.3504
0.32752
0.301
0.27273
0.24612
0.22591
0.21778
0.22775
0.26162
0.32438
0.419554
0.548297
0.708016
0.890958
1.083315
1.265741
1.415835
1.51238
1.540207
1.494726
1.381997
1.217025
1.020417
0.813903
0.616537
0.442508
0.30066
0.19509
0.12621
0.09161
0.08661
0.10483
0.13891
0.18136
0.22555
0.26651
0.30126
0.32869
0.34916
0.3639